   PC   OPCODE 19..16 15..12 11...8 7....4 3....0
   0    00001  0000  0000  0000  0000  0000
   1    00001  0001  0000  0000  0000  0001
   2    00001  0010  0000  0000  0000  0000
   3    00001  0011  0000  0000  0000  1100
   4    00000  0100  0000  0001  0000  0000
   5    00011  0100  0000  0000  0111  0010
   6    00101  0000  0001  0000  0000  0000
   7    00101  0001  0100  0000  0000  0000
   8    00101  0010  0010  0000  0000  0001
   9    01110  0011  0010  0000  0000  0100
  10    10110  0000  0000  0000  0000  0000
  11    10011  0000  0000  0000  0000  1010
  12    00000  0000  0000  0000  0000  0000
  13    00000  0000  0000  0000  0000  0000
  14    00000  0000  0000  0000  0000  0000
  15    00000  0000  0000  0000  0000  0000
  16    00000  0000  0000  0000  0000  0000
  17    00000  0000  0000  0000  0000  0000
  18    00000  0000  0000  0000  0000  0000
  19    00000  0000  0000  0000  0000  0000
  20    00000  0000  0000  0000  0000  0000
  21    00000  0000  0000  0000  0000  0000
  22    00000  0000  0000  0000  0000  0000
  23    00000  0000  0000  0000  0000  0000
  24    00000  0000  0000  0000  0000  0000
  25    00000  0000  0000  0000  0000  0000
  26    00000  0000  0000  0000  0000  0000
  27    00000  0000  0000  0000  0000  0000
  28    00000  0000  0000  0000  0000  0000
  29    00000  0000  0000  0000  0000  0000
  30    00000  0000  0000  0000  0000  0000
  31    00000  0000  0000  0000  0000  0000
  32    00000  0000  0000  0000  0000  0000
  33    00000  0000  0000  0000  0000  0000
  34    00000  0000  0000  0000  0000  0000
  35    00000  0000  0000  0000  0000  0000
  36    00000  0000  0000  0000  0000  0000
  37    00000  0000  0000  0000  0000  0000
  38    00000  0000  0000  0000  0000  0000
  39    00000  0000  0000  0000  0000  0000
  40    00000  0000  0000  0000  0000  0000
  41    00000  0000  0000  0000  0000  0000
  42    00000  0000  0000  0000  0000  0000
  43    00000  0000  0000  0000  0000  0000
  44    00000  0000  0000  0000  0000  0000
  45    00000  0000  0000  0000  0000  0000
  46    00000  0000  0000  0000  0000  0000
  47    00000  0000  0000  0000  0000  0000
  48    00000  0000  0000  0000  0000  0000
  49    00000  0000  0000  0000  0000  0000
  50    00000  0000  0000  0000  0000  0000
  51    00000  0000  0000  0000  0000  0000
  52    00000  0000  0000  0000  0000  0000
  53    00000  0000  0000  0000  0000  0000
  54    00000  0000  0000  0000  0000  0000
  55    00000  0000  0000  0000  0000  0000
  56    00000  0000  0000  0000  0000  0000
  57    00000  0000  0000  0000  0000  0000
  58    00000  0000  0000  0000  0000  0000
  59    00000  0000  0000  0000  0000  0000
  60    00000  0000  0000  0000  0000  0000
  61    00000  0000  0000  0000  0000  0000
  62    00000  0000  0000  0000  0000  0000
  63    00000  0000  0000  0000  0000  0000
  64    00000  0000  0000  0000  0000  0000
  65    00000  0000  0000  0000  0000  0000
  66    00000  0000  0000  0000  0000  0000
  67    00000  0000  0000  0000  0000  0000
  68    00000  0000  0000  0000  0000  0000
  69    00000  0000  0000  0000  0000  0000
  70    00000  0000  0000  0000  0000  0000
  71    00000  0000  0000  0000  0000  0000
  72    00000  0000  0000  0000  0000  0000
  73    00000  0000  0000  0000  0000  0000
  74    00000  0000  0000  0000  0000  0000
  75    00000  0000  0000  0000  0000  0000
  76    00000  0000  0000  0000  0000  0000
  77    00000  0000  0000  0000  0000  0000
  78    00000  0000  0000  0000  0000  0000
  79    00000  0000  0000  0000  0000  0000
  80    00000  0000  0000  0000  0000  0000
  81    00000  0000  0000  0000  0000  0000
  82    00000  0000  0000  0000  0000  0000
  83    00000  0000  0000  0000  0000  0000
  84    00000  0000  0000  0000  0000  0000
  85    00000  0000  0000  0000  0000  0000
  86    00000  0000  0000  0000  0000  0000
  87    00000  0000  0000  0000  0000  0000
  88    00000  0000  0000  0000  0000  0000
  89    00000  0000  0000  0000  0000  0000
  90    00000  0000  0000  0000  0000  0000
  91    00000  0000  0000  0000  0000  0000
  92    00000  0000  0000  0000  0000  0000
  93    00000  0000  0000  0000  0000  0000
  94    00000  0000  0000  0000  0000  0000
  95    00000  0000  0000  0000  0000  0000
  96    00000  0000  0000  0000  0000  0000
  97    00000  0000  0000  0000  0000  0000
  98    00000  0000  0000  0000  0000  0000
  99    00000  0000  0000  0000  0000  0000
 100    00000  0000  0000  0000  0000  0000
 101    00000  0000  0000  0000  0000  0000
 102    00000  0000  0000  0000  0000  0000
 103    00000  0000  0000  0000  0000  0000
 104    00000  0000  0000  0000  0000  0000
 105    00000  0000  0000  0000  0000  0000
 106    00000  0000  0000  0000  0000  0000
 107    00000  0000  0000  0000  0000  0000
 108    00000  0000  0000  0000  0000  0000
 109    00000  0000  0000  0000  0000  0000
 110    00000  0000  0000  0000  0000  0000
 111    00000  0000  0000  0000  0000  0000
 112    00000  0000  0000  0000  0000  0000
 113    00000  0000  0000  0000  0000  0000
 114    00000  0000  0000  0000  0000  0000
 115    00000  0000  0000  0000  0000  0000
 116    00000  0000  0000  0000  0000  0000
 117    00000  0000  0000  0000  0000  0000
 118    00000  0000  0000  0000  0000  0000
 119    00000  0000  0000  0000  0000  0000
 120    00000  0000  0000  0000  0000  0000
 121    00000  0000  0000  0000  0000  0000
 122    00000  0000  0000  0000  0000  0000
 123    00000  0000  0000  0000  0000  0000
 124    00000  0000  0000  0000  0000  0000
 125    00000  0000  0000  0000  0000  0000
 126    00000  0000  0000  0000  0000  0000
 127    00000  0000  0000  0000  0000  0000
 128    00000  0000  0000  0000  0000  0000
 129    00000  0000  0000  0000  0000  0000
 130    00000  0000  0000  0000  0000  0000
 131    00000  0000  0000  0000  0000  0000
 132    00000  0000  0000  0000  0000  0000
 133    00000  0000  0000  0000  0000  0000
 134    00000  0000  0000  0000  0000  0000
 135    00000  0000  0000  0000  0000  0000
 136    00000  0000  0000  0000  0000  0000
 137    00000  0000  0000  0000  0000  0000
 138    00000  0000  0000  0000  0000  0000
 139    00000  0000  0000  0000  0000  0000
 140    00000  0000  0000  0000  0000  0000
 141    00000  0000  0000  0000  0000  0000
 142    00000  0000  0000  0000  0000  0000
 143    00000  0000  0000  0000  0000  0000
 144    00000  0000  0000  0000  0000  0000
 145    00000  0000  0000  0000  0000  0000
 146    00000  0000  0000  0000  0000  0000
 147    00000  0000  0000  0000  0000  0000
 148    00000  0000  0000  0000  0000  0000
 149    00000  0000  0000  0000  0000  0000
 150    00000  0000  0000  0000  0000  0000
 151    00000  0000  0000  0000  0000  0000
 152    00000  0000  0000  0000  0000  0000
 153    00000  0000  0000  0000  0000  0000
 154    00000  0000  0000  0000  0000  0000
 155    00000  0000  0000  0000  0000  0000
 156    00000  0000  0000  0000  0000  0000
 157    00000  0000  0000  0000  0000  0000
 158    00000  0000  0000  0000  0000  0000
 159    00000  0000  0000  0000  0000  0000
 160    00000  0000  0000  0000  0000  0000
 161    00000  0000  0000  0000  0000  0000
 162    00000  0000  0000  0000  0000  0000
 163    00000  0000  0000  0000  0000  0000
 164    00000  0000  0000  0000  0000  0000
 165    00000  0000  0000  0000  0000  0000
 166    00000  0000  0000  0000  0000  0000
 167    00000  0000  0000  0000  0000  0000
 168    00000  0000  0000  0000  0000  0000
 169    00000  0000  0000  0000  0000  0000
 170    00000  0000  0000  0000  0000  0000
 171    00000  0000  0000  0000  0000  0000
 172    00000  0000  0000  0000  0000  0000
 173    00000  0000  0000  0000  0000  0000
 174    00000  0000  0000  0000  0000  0000
 175    00000  0000  0000  0000  0000  0000
 176    00000  0000  0000  0000  0000  0000
 177    00000  0000  0000  0000  0000  0000
 178    00000  0000  0000  0000  0000  0000
 179    00000  0000  0000  0000  0000  0000
 180    00000  0000  0000  0000  0000  0000
 181    00000  0000  0000  0000  0000  0000
 182    00000  0000  0000  0000  0000  0000
 183    00000  0000  0000  0000  0000  0000
 184    00000  0000  0000  0000  0000  0000
 185    00000  0000  0000  0000  0000  0000
 186    00000  0000  0000  0000  0000  0000
 187    00000  0000  0000  0000  0000  0000
 188    00000  0000  0000  0000  0000  0000
 189    00000  0000  0000  0000  0000  0000
 190    00000  0000  0000  0000  0000  0000
 191    00000  0000  0000  0000  0000  0000
 192    00000  0000  0000  0000  0000  0000
 193    00000  0000  0000  0000  0000  0000
 194    00000  0000  0000  0000  0000  0000
 195    00000  0000  0000  0000  0000  0000
 196    00000  0000  0000  0000  0000  0000
 197    00000  0000  0000  0000  0000  0000
 198    00000  0000  0000  0000  0000  0000
 199    00000  0000  0000  0000  0000  0000
 200    00000  0000  0000  0000  0000  0000
 201    00000  0000  0000  0000  0000  0000
 202    00000  0000  0000  0000  0000  0000
 203    00000  0000  0000  0000  0000  0000
 204    00000  0000  0000  0000  0000  0000
 205    00000  0000  0000  0000  0000  0000
 206    00000  0000  0000  0000  0000  0000
 207    00000  0000  0000  0000  0000  0000
 208    00000  0000  0000  0000  0000  0000
 209    00000  0000  0000  0000  0000  0000
 210    00000  0000  0000  0000  0000  0000
 211    00000  0000  0000  0000  0000  0000
 212    00000  0000  0000  0000  0000  0000
 213    00000  0000  0000  0000  0000  0000
 214    00000  0000  0000  0000  0000  0000
 215    00000  0000  0000  0000  0000  0000
 216    00000  0000  0000  0000  0000  0000
 217    00000  0000  0000  0000  0000  0000
 218    00000  0000  0000  0000  0000  0000
 219    00000  0000  0000  0000  0000  0000
 220    00000  0000  0000  0000  0000  0000
 221    00000  0000  0000  0000  0000  0000
 222    00000  0000  0000  0000  0000  0000
 223    00000  0000  0000  0000  0000  0000
 224    00000  0000  0000  0000  0000  0000
 225    00000  0000  0000  0000  0000  0000
 226    00000  0000  0000  0000  0000  0000
 227    00000  0000  0000  0000  0000  0000
 228    00000  0000  0000  0000  0000  0000
 229    00000  0000  0000  0000  0000  0000
 230    00000  0000  0000  0000  0000  0000
 231    00000  0000  0000  0000  0000  0000
 232    00000  0000  0000  0000  0000  0000
 233    00000  0000  0000  0000  0000  0000
 234    00000  0000  0000  0000  0000  0000
 235    00000  0000  0000  0000  0000  0000
 236    00000  0000  0000  0000  0000  0000
 237    00000  0000  0000  0000  0000  0000
 238    00000  0000  0000  0000  0000  0000
 239    00000  0000  0000  0000  0000  0000
 240    00000  0000  0000  0000  0000  0000
 241    00000  0000  0000  0000  0000  0000
 242    00000  0000  0000  0000  0000  0000
 243    00000  0000  0000  0000  0000  0000
 244    00000  0000  0000  0000  0000  0000
 245    00000  0000  0000  0000  0000  0000
 246    00000  0000  0000  0000  0000  0000
 247    00000  0000  0000  0000  0000  0000
 248    00000  0000  0000  0000  0000  0000
 249    00000  0000  0000  0000  0000  0000
 250    00000  0000  0000  0000  0000  0000
 251    00000  0000  0000  0000  0000  0000
 252    00000  0000  0000  0000  0000  0000
 253    00000  0000  0000  0000  0000  0000
 254    00000  0000  0000  0000  0000  0000
 255    00000  0000  0000  0000  0000  0000
 256    00000  0000  0000  0000  0000  0000
 257    00000  0000  0000  0000  0000  0000
 258    00000  0000  0000  0000  0000  0000
 259    00000  0000  0000  0000  0000  0000
 260    00000  0000  0000  0000  0000  0000
 261    00000  0000  0000  0000  0000  0000
 262    00000  0000  0000  0000  0000  0000
 263    00000  0000  0000  0000  0000  0000
 264    00000  0000  0000  0000  0000  0000
 265    00000  0000  0000  0000  0000  0000
 266    00000  0000  0000  0000  0000  0000
 267    00000  0000  0000  0000  0000  0000
 268    00000  0000  0000  0000  0000  0000
 269    00000  0000  0000  0000  0000  0000
 270    00000  0000  0000  0000  0000  0000
 271    00000  0000  0000  0000  0000  0000
 272    00000  0000  0000  0000  0000  0000
 273    00000  0000  0000  0000  0000  0000
 274    00000  0000  0000  0000  0000  0000
 275    00000  0000  0000  0000  0000  0000
 276    00000  0000  0000  0000  0000  0000
 277    00000  0000  0000  0000  0000  0000
 278    00000  0000  0000  0000  0000  0000
 279    00000  0000  0000  0000  0000  0000
 280    00000  0000  0000  0000  0000  0000
 281    00000  0000  0000  0000  0000  0000
 282    00000  0000  0000  0000  0000  0000
 283    00000  0000  0000  0000  0000  0000
 284    00000  0000  0000  0000  0000  0000
 285    00000  0000  0000  0000  0000  0000
 286    00000  0000  0000  0000  0000  0000
 287    00000  0000  0000  0000  0000  0000
 288    00000  0000  0000  0000  0000  0000
 289    00000  0000  0000  0000  0000  0000
 290    00000  0000  0000  0000  0000  0000
 291    00000  0000  0000  0000  0000  0000
 292    00000  0000  0000  0000  0000  0000
 293    00000  0000  0000  0000  0000  0000
 294    00000  0000  0000  0000  0000  0000
 295    00000  0000  0000  0000  0000  0000
 296    00000  0000  0000  0000  0000  0000
 297    00000  0000  0000  0000  0000  0000
 298    00000  0000  0000  0000  0000  0000
 299    00000  0000  0000  0000  0000  0000
 300    00000  0000  0000  0000  0000  0000
 301    00000  0000  0000  0000  0000  0000
 302    00000  0000  0000  0000  0000  0000
 303    00000  0000  0000  0000  0000  0000
 304    00000  0000  0000  0000  0000  0000
 305    00000  0000  0000  0000  0000  0000
 306    00000  0000  0000  0000  0000  0000
 307    00000  0000  0000  0000  0000  0000
 308    00000  0000  0000  0000  0000  0000
 309    00000  0000  0000  0000  0000  0000
 310    00000  0000  0000  0000  0000  0000
 311    00000  0000  0000  0000  0000  0000
 312    00000  0000  0000  0000  0000  0000
 313    00000  0000  0000  0000  0000  0000
 314    00000  0000  0000  0000  0000  0000
 315    00000  0000  0000  0000  0000  0000
 316    00000  0000  0000  0000  0000  0000
 317    00000  0000  0000  0000  0000  0000
 318    00000  0000  0000  0000  0000  0000
 319    00000  0000  0000  0000  0000  0000
 320    00000  0000  0000  0000  0000  0000
 321    00000  0000  0000  0000  0000  0000
 322    00000  0000  0000  0000  0000  0000
 323    00000  0000  0000  0000  0000  0000
 324    00000  0000  0000  0000  0000  0000
 325    00000  0000  0000  0000  0000  0000
 326    00000  0000  0000  0000  0000  0000
 327    00000  0000  0000  0000  0000  0000
 328    00000  0000  0000  0000  0000  0000
 329    00000  0000  0000  0000  0000  0000
 330    00000  0000  0000  0000  0000  0000
 331    00000  0000  0000  0000  0000  0000
 332    00000  0000  0000  0000  0000  0000
 333    00000  0000  0000  0000  0000  0000
 334    00000  0000  0000  0000  0000  0000
 335    00000  0000  0000  0000  0000  0000
 336    00000  0000  0000  0000  0000  0000
 337    00000  0000  0000  0000  0000  0000
 338    00000  0000  0000  0000  0000  0000
 339    00000  0000  0000  0000  0000  0000
 340    00000  0000  0000  0000  0000  0000
 341    00000  0000  0000  0000  0000  0000
 342    00000  0000  0000  0000  0000  0000
 343    00000  0000  0000  0000  0000  0000
 344    00000  0000  0000  0000  0000  0000
 345    00000  0000  0000  0000  0000  0000
 346    00000  0000  0000  0000  0000  0000
 347    00000  0000  0000  0000  0000  0000
 348    00000  0000  0000  0000  0000  0000
 349    00000  0000  0000  0000  0000  0000
 350    00000  0000  0000  0000  0000  0000
 351    00000  0000  0000  0000  0000  0000
 352    00000  0000  0000  0000  0000  0000
 353    00000  0000  0000  0000  0000  0000
 354    00000  0000  0000  0000  0000  0000
 355    00000  0000  0000  0000  0000  0000
 356    00000  0000  0000  0000  0000  0000
 357    00000  0000  0000  0000  0000  0000
 358    00000  0000  0000  0000  0000  0000
 359    00000  0000  0000  0000  0000  0000
 360    00000  0000  0000  0000  0000  0000
 361    00000  0000  0000  0000  0000  0000
 362    00000  0000  0000  0000  0000  0000
 363    00000  0000  0000  0000  0000  0000
 364    00000  0000  0000  0000  0000  0000
 365    00000  0000  0000  0000  0000  0000
 366    00000  0000  0000  0000  0000  0000
 367    00000  0000  0000  0000  0000  0000
 368    00000  0000  0000  0000  0000  0000
 369    00000  0000  0000  0000  0000  0000
 370    00000  0000  0000  0000  0000  0000
 371    00000  0000  0000  0000  0000  0000
 372    00000  0000  0000  0000  0000  0000
 373    00000  0000  0000  0000  0000  0000
 374    00000  0000  0000  0000  0000  0000
 375    00000  0000  0000  0000  0000  0000
 376    00000  0000  0000  0000  0000  0000
 377    00000  0000  0000  0000  0000  0000
 378    00000  0000  0000  0000  0000  0000
 379    00000  0000  0000  0000  0000  0000
 380    00000  0000  0000  0000  0000  0000
 381    00000  0000  0000  0000  0000  0000
 382    00000  0000  0000  0000  0000  0000
 383    00000  0000  0000  0000  0000  0000
 384    00000  0000  0000  0000  0000  0000
 385    00000  0000  0000  0000  0000  0000
 386    00000  0000  0000  0000  0000  0000
 387    00000  0000  0000  0000  0000  0000
 388    00000  0000  0000  0000  0000  0000
 389    00000  0000  0000  0000  0000  0000
 390    00000  0000  0000  0000  0000  0000
 391    00000  0000  0000  0000  0000  0000
 392    00000  0000  0000  0000  0000  0000
 393    00000  0000  0000  0000  0000  0000
 394    00000  0000  0000  0000  0000  0000
 395    00000  0000  0000  0000  0000  0000
 396    00000  0000  0000  0000  0000  0000
 397    00000  0000  0000  0000  0000  0000
 398    00000  0000  0000  0000  0000  0000
 399    00000  0000  0000  0000  0000  0000
 400    00000  0000  0000  0000  0000  0000
 401    00000  0000  0000  0000  0000  0000
 402    00000  0000  0000  0000  0000  0000
 403    00000  0000  0000  0000  0000  0000
 404    00000  0000  0000  0000  0000  0000
 405    00000  0000  0000  0000  0000  0000
 406    00000  0000  0000  0000  0000  0000
 407    00000  0000  0000  0000  0000  0000
 408    00000  0000  0000  0000  0000  0000
 409    00000  0000  0000  0000  0000  0000
 410    00000  0000  0000  0000  0000  0000
 411    00000  0000  0000  0000  0000  0000
 412    00000  0000  0000  0000  0000  0000
 413    00000  0000  0000  0000  0000  0000
 414    00000  0000  0000  0000  0000  0000
 415    00000  0000  0000  0000  0000  0000
 416    00000  0000  0000  0000  0000  0000
 417    00000  0000  0000  0000  0000  0000
 418    00000  0000  0000  0000  0000  0000
 419    00000  0000  0000  0000  0000  0000
 420    00000  0000  0000  0000  0000  0000
 421    00000  0000  0000  0000  0000  0000
 422    00000  0000  0000  0000  0000  0000
 423    00000  0000  0000  0000  0000  0000
 424    00000  0000  0000  0000  0000  0000
 425    00000  0000  0000  0000  0000  0000
 426    00000  0000  0000  0000  0000  0000
 427    00000  0000  0000  0000  0000  0000
 428    00000  0000  0000  0000  0000  0000
 429    00000  0000  0000  0000  0000  0000
 430    00000  0000  0000  0000  0000  0000
 431    00000  0000  0000  0000  0000  0000
 432    00000  0000  0000  0000  0000  0000
 433    00000  0000  0000  0000  0000  0000
 434    00000  0000  0000  0000  0000  0000
 435    00000  0000  0000  0000  0000  0000
 436    00000  0000  0000  0000  0000  0000
 437    00000  0000  0000  0000  0000  0000
 438    00000  0000  0000  0000  0000  0000
 439    00000  0000  0000  0000  0000  0000
 440    00000  0000  0000  0000  0000  0000
 441    00000  0000  0000  0000  0000  0000
 442    00000  0000  0000  0000  0000  0000
 443    00000  0000  0000  0000  0000  0000
 444    00000  0000  0000  0000  0000  0000
 445    00000  0000  0000  0000  0000  0000
 446    00000  0000  0000  0000  0000  0000
 447    00000  0000  0000  0000  0000  0000
 448    00000  0000  0000  0000  0000  0000
 449    00000  0000  0000  0000  0000  0000
 450    00000  0000  0000  0000  0000  0000
 451    00000  0000  0000  0000  0000  0000
 452    00000  0000  0000  0000  0000  0000
 453    00000  0000  0000  0000  0000  0000
 454    00000  0000  0000  0000  0000  0000
 455    00000  0000  0000  0000  0000  0000
 456    00000  0000  0000  0000  0000  0000
 457    00000  0000  0000  0000  0000  0000
 458    00000  0000  0000  0000  0000  0000
 459    00000  0000  0000  0000  0000  0000
 460    00000  0000  0000  0000  0000  0000
 461    00000  0000  0000  0000  0000  0000
 462    00000  0000  0000  0000  0000  0000
 463    00000  0000  0000  0000  0000  0000
 464    00000  0000  0000  0000  0000  0000
 465    00000  0000  0000  0000  0000  0000
 466    00000  0000  0000  0000  0000  0000
 467    00000  0000  0000  0000  0000  0000
 468    00000  0000  0000  0000  0000  0000
 469    00000  0000  0000  0000  0000  0000
 470    00000  0000  0000  0000  0000  0000
 471    00000  0000  0000  0000  0000  0000
 472    00000  0000  0000  0000  0000  0000
 473    00000  0000  0000  0000  0000  0000
 474    00000  0000  0000  0000  0000  0000
 475    00000  0000  0000  0000  0000  0000
 476    00000  0000  0000  0000  0000  0000
 477    00000  0000  0000  0000  0000  0000
 478    00000  0000  0000  0000  0000  0000
 479    00000  0000  0000  0000  0000  0000
 480    00000  0000  0000  0000  0000  0000
 481    00000  0000  0000  0000  0000  0000
 482    00000  0000  0000  0000  0000  0000
 483    00000  0000  0000  0000  0000  0000
 484    00000  0000  0000  0000  0000  0000
 485    00000  0000  0000  0000  0000  0000
 486    00000  0000  0000  0000  0000  0000
 487    00000  0000  0000  0000  0000  0000
 488    00000  0000  0000  0000  0000  0000
 489    00000  0000  0000  0000  0000  0000
 490    00000  0000  0000  0000  0000  0000
 491    00000  0000  0000  0000  0000  0000
 492    00000  0000  0000  0000  0000  0000
 493    00000  0000  0000  0000  0000  0000
 494    00000  0000  0000  0000  0000  0000
 495    00000  0000  0000  0000  0000  0000
 496    00000  0000  0000  0000  0000  0000
 497    00000  0000  0000  0000  0000  0000
 498    00000  0000  0000  0000  0000  0000
 499    00000  0000  0000  0000  0000  0000
 500    00000  0000  0000  0000  0000  0000
 501    00000  0000  0000  0000  0000  0000
 502    00000  0000  0000  0000  0000  0000
 503    00000  0000  0000  0000  0000  0000
 504    00000  0000  0000  0000  0000  0000
 505    00000  0000  0000  0000  0000  0000
 506    00000  0000  0000  0000  0000  0000
 507    00000  0000  0000  0000  0000  0000
 508    00000  0000  0000  0000  0000  0000
 509    00000  0000  0000  0000  0000  0000
 510    00000  0000  0000  0000  0000  0000
 511    00000  0000  0000  0000  0000  0000
 512    00000  0000  0000  0000  0000  0000
 513    00000  0000  0000  0000  0000  0000
 514    00000  0000  0000  0000  0000  0000
 515    00000  0000  0000  0000  0000  0000
 516    00000  0000  0000  0000  0000  0000
 517    00000  0000  0000  0000  0000  0000
 518    00000  0000  0000  0000  0000  0000
 519    00000  0000  0000  0000  0000  0000
 520    00000  0000  0000  0000  0000  0000
 521    00000  0000  0000  0000  0000  0000
 522    00000  0000  0000  0000  0000  0000
 523    00000  0000  0000  0000  0000  0000
 524    00000  0000  0000  0000  0000  0000
 525    00000  0000  0000  0000  0000  0000
 526    00000  0000  0000  0000  0000  0000
 527    00000  0000  0000  0000  0000  0000
 528    00000  0000  0000  0000  0000  0000
 529    00000  0000  0000  0000  0000  0000
 530    00000  0000  0000  0000  0000  0000
 531    00000  0000  0000  0000  0000  0000
 532    00000  0000  0000  0000  0000  0000
 533    00000  0000  0000  0000  0000  0000
 534    00000  0000  0000  0000  0000  0000
 535    00000  0000  0000  0000  0000  0000
 536    00000  0000  0000  0000  0000  0000
 537    00000  0000  0000  0000  0000  0000
 538    00000  0000  0000  0000  0000  0000
 539    00000  0000  0000  0000  0000  0000
 540    00000  0000  0000  0000  0000  0000
 541    00000  0000  0000  0000  0000  0000
 542    00000  0000  0000  0000  0000  0000
 543    00000  0000  0000  0000  0000  0000
 544    00000  0000  0000  0000  0000  0000
 545    00000  0000  0000  0000  0000  0000
 546    00000  0000  0000  0000  0000  0000
 547    00000  0000  0000  0000  0000  0000
 548    00000  0000  0000  0000  0000  0000
 549    00000  0000  0000  0000  0000  0000
 550    00000  0000  0000  0000  0000  0000
 551    00000  0000  0000  0000  0000  0000
 552    00000  0000  0000  0000  0000  0000
 553    00000  0000  0000  0000  0000  0000
 554    00000  0000  0000  0000  0000  0000
 555    00000  0000  0000  0000  0000  0000
 556    00000  0000  0000  0000  0000  0000
 557    00000  0000  0000  0000  0000  0000
 558    00000  0000  0000  0000  0000  0000
 559    00000  0000  0000  0000  0000  0000
 560    00000  0000  0000  0000  0000  0000
 561    00000  0000  0000  0000  0000  0000
 562    00000  0000  0000  0000  0000  0000
 563    00000  0000  0000  0000  0000  0000
 564    00000  0000  0000  0000  0000  0000
 565    00000  0000  0000  0000  0000  0000
 566    00000  0000  0000  0000  0000  0000
 567    00000  0000  0000  0000  0000  0000
 568    00000  0000  0000  0000  0000  0000
 569    00000  0000  0000  0000  0000  0000
 570    00000  0000  0000  0000  0000  0000
 571    00000  0000  0000  0000  0000  0000
 572    00000  0000  0000  0000  0000  0000
 573    00000  0000  0000  0000  0000  0000
 574    00000  0000  0000  0000  0000  0000
 575    00000  0000  0000  0000  0000  0000
 576    00000  0000  0000  0000  0000  0000
 577    00000  0000  0000  0000  0000  0000
 578    00000  0000  0000  0000  0000  0000
 579    00000  0000  0000  0000  0000  0000
 580    00000  0000  0000  0000  0000  0000
 581    00000  0000  0000  0000  0000  0000
 582    00000  0000  0000  0000  0000  0000
 583    00000  0000  0000  0000  0000  0000
 584    00000  0000  0000  0000  0000  0000
 585    00000  0000  0000  0000  0000  0000
 586    00000  0000  0000  0000  0000  0000
 587    00000  0000  0000  0000  0000  0000
 588    00000  0000  0000  0000  0000  0000
 589    00000  0000  0000  0000  0000  0000
 590    00000  0000  0000  0000  0000  0000
 591    00000  0000  0000  0000  0000  0000
 592    00000  0000  0000  0000  0000  0000
 593    00000  0000  0000  0000  0000  0000
 594    00000  0000  0000  0000  0000  0000
 595    00000  0000  0000  0000  0000  0000
 596    00000  0000  0000  0000  0000  0000
 597    00000  0000  0000  0000  0000  0000
 598    00000  0000  0000  0000  0000  0000
 599    00000  0000  0000  0000  0000  0000
 600    00000  0000  0000  0000  0000  0000
 601    00000  0000  0000  0000  0000  0000
 602    00000  0000  0000  0000  0000  0000
 603    00000  0000  0000  0000  0000  0000
 604    00000  0000  0000  0000  0000  0000
 605    00000  0000  0000  0000  0000  0000
 606    00000  0000  0000  0000  0000  0000
 607    00000  0000  0000  0000  0000  0000
 608    00000  0000  0000  0000  0000  0000
 609    00000  0000  0000  0000  0000  0000
 610    00000  0000  0000  0000  0000  0000
 611    00000  0000  0000  0000  0000  0000
 612    00000  0000  0000  0000  0000  0000
 613    00000  0000  0000  0000  0000  0000
 614    00000  0000  0000  0000  0000  0000
 615    00000  0000  0000  0000  0000  0000
 616    00000  0000  0000  0000  0000  0000
 617    00000  0000  0000  0000  0000  0000
 618    00000  0000  0000  0000  0000  0000
 619    00000  0000  0000  0000  0000  0000
 620    00000  0000  0000  0000  0000  0000
 621    00000  0000  0000  0000  0000  0000
 622    00000  0000  0000  0000  0000  0000
 623    00000  0000  0000  0000  0000  0000
 624    00000  0000  0000  0000  0000  0000
 625    00000  0000  0000  0000  0000  0000
 626    00000  0000  0000  0000  0000  0000
 627    00000  0000  0000  0000  0000  0000
 628    00000  0000  0000  0000  0000  0000
 629    00000  0000  0000  0000  0000  0000
 630    00000  0000  0000  0000  0000  0000
 631    00000  0000  0000  0000  0000  0000
 632    00000  0000  0000  0000  0000  0000
 633    00000  0000  0000  0000  0000  0000
 634    00000  0000  0000  0000  0000  0000
 635    00000  0000  0000  0000  0000  0000
 636    00000  0000  0000  0000  0000  0000
 637    00000  0000  0000  0000  0000  0000
 638    00000  0000  0000  0000  0000  0000
 639    00000  0000  0000  0000  0000  0000
 640    00000  0000  0000  0000  0000  0000
 641    00000  0000  0000  0000  0000  0000
 642    00000  0000  0000  0000  0000  0000
 643    00000  0000  0000  0000  0000  0000
 644    00000  0000  0000  0000  0000  0000
 645    00000  0000  0000  0000  0000  0000
 646    00000  0000  0000  0000  0000  0000
 647    00000  0000  0000  0000  0000  0000
 648    00000  0000  0000  0000  0000  0000
 649    00000  0000  0000  0000  0000  0000
 650    00000  0000  0000  0000  0000  0000
 651    00000  0000  0000  0000  0000  0000
 652    00000  0000  0000  0000  0000  0000
 653    00000  0000  0000  0000  0000  0000
 654    00000  0000  0000  0000  0000  0000
 655    00000  0000  0000  0000  0000  0000
 656    00000  0000  0000  0000  0000  0000
 657    00000  0000  0000  0000  0000  0000
 658    00000  0000  0000  0000  0000  0000
 659    00000  0000  0000  0000  0000  0000
 660    00000  0000  0000  0000  0000  0000
 661    00000  0000  0000  0000  0000  0000
 662    00000  0000  0000  0000  0000  0000
 663    00000  0000  0000  0000  0000  0000
 664    00000  0000  0000  0000  0000  0000
 665    00000  0000  0000  0000  0000  0000
 666    00000  0000  0000  0000  0000  0000
 667    00000  0000  0000  0000  0000  0000
 668    00000  0000  0000  0000  0000  0000
 669    00000  0000  0000  0000  0000  0000
 670    00000  0000  0000  0000  0000  0000
 671    00000  0000  0000  0000  0000  0000
 672    00000  0000  0000  0000  0000  0000
 673    00000  0000  0000  0000  0000  0000
 674    00000  0000  0000  0000  0000  0000
 675    00000  0000  0000  0000  0000  0000
 676    00000  0000  0000  0000  0000  0000
 677    00000  0000  0000  0000  0000  0000
 678    00000  0000  0000  0000  0000  0000
 679    00000  0000  0000  0000  0000  0000
 680    00000  0000  0000  0000  0000  0000
 681    00000  0000  0000  0000  0000  0000
 682    00000  0000  0000  0000  0000  0000
 683    00000  0000  0000  0000  0000  0000
 684    00000  0000  0000  0000  0000  0000
 685    00000  0000  0000  0000  0000  0000
 686    00000  0000  0000  0000  0000  0000
 687    00000  0000  0000  0000  0000  0000
 688    00000  0000  0000  0000  0000  0000
 689    00000  0000  0000  0000  0000  0000
 690    00000  0000  0000  0000  0000  0000
 691    00000  0000  0000  0000  0000  0000
 692    00000  0000  0000  0000  0000  0000
 693    00000  0000  0000  0000  0000  0000
 694    00000  0000  0000  0000  0000  0000
 695    00000  0000  0000  0000  0000  0000
 696    00000  0000  0000  0000  0000  0000
 697    00000  0000  0000  0000  0000  0000
 698    00000  0000  0000  0000  0000  0000
 699    00000  0000  0000  0000  0000  0000
 700    00000  0000  0000  0000  0000  0000
 701    00000  0000  0000  0000  0000  0000
 702    00000  0000  0000  0000  0000  0000
 703    00000  0000  0000  0000  0000  0000
 704    00000  0000  0000  0000  0000  0000
 705    00000  0000  0000  0000  0000  0000
 706    00000  0000  0000  0000  0000  0000
 707    00000  0000  0000  0000  0000  0000
 708    00000  0000  0000  0000  0000  0000
 709    00000  0000  0000  0000  0000  0000
 710    00000  0000  0000  0000  0000  0000
 711    00000  0000  0000  0000  0000  0000
 712    00000  0000  0000  0000  0000  0000
 713    00000  0000  0000  0000  0000  0000
 714    00000  0000  0000  0000  0000  0000
 715    00000  0000  0000  0000  0000  0000
 716    00000  0000  0000  0000  0000  0000
 717    00000  0000  0000  0000  0000  0000
 718    00000  0000  0000  0000  0000  0000
 719    00000  0000  0000  0000  0000  0000
 720    00000  0000  0000  0000  0000  0000
 721    00000  0000  0000  0000  0000  0000
 722    00000  0000  0000  0000  0000  0000
 723    00000  0000  0000  0000  0000  0000
 724    00000  0000  0000  0000  0000  0000
 725    00000  0000  0000  0000  0000  0000
 726    00000  0000  0000  0000  0000  0000
 727    00000  0000  0000  0000  0000  0000
 728    00000  0000  0000  0000  0000  0000
 729    00000  0000  0000  0000  0000  0000
 730    00000  0000  0000  0000  0000  0000
 731    00000  0000  0000  0000  0000  0000
 732    00000  0000  0000  0000  0000  0000
 733    00000  0000  0000  0000  0000  0000
 734    00000  0000  0000  0000  0000  0000
 735    00000  0000  0000  0000  0000  0000
 736    00000  0000  0000  0000  0000  0000
 737    00000  0000  0000  0000  0000  0000
 738    00000  0000  0000  0000  0000  0000
 739    00000  0000  0000  0000  0000  0000
 740    00000  0000  0000  0000  0000  0000
 741    00000  0000  0000  0000  0000  0000
 742    00000  0000  0000  0000  0000  0000
 743    00000  0000  0000  0000  0000  0000
 744    00000  0000  0000  0000  0000  0000
 745    00000  0000  0000  0000  0000  0000
 746    00000  0000  0000  0000  0000  0000
 747    00000  0000  0000  0000  0000  0000
 748    00000  0000  0000  0000  0000  0000
 749    00000  0000  0000  0000  0000  0000
 750    00000  0000  0000  0000  0000  0000
 751    00000  0000  0000  0000  0000  0000
 752    00000  0000  0000  0000  0000  0000
 753    00000  0000  0000  0000  0000  0000
 754    00000  0000  0000  0000  0000  0000
 755    00000  0000  0000  0000  0000  0000
 756    00000  0000  0000  0000  0000  0000
 757    00000  0000  0000  0000  0000  0000
 758    00000  0000  0000  0000  0000  0000
 759    00000  0000  0000  0000  0000  0000
 760    00000  0000  0000  0000  0000  0000
 761    00000  0000  0000  0000  0000  0000
 762    00000  0000  0000  0000  0000  0000
 763    00000  0000  0000  0000  0000  0000
 764    00000  0000  0000  0000  0000  0000
 765    00000  0000  0000  0000  0000  0000
 766    00000  0000  0000  0000  0000  0000
 767    00000  0000  0000  0000  0000  0000
 768    00000  0000  0000  0000  0000  0000
 769    00000  0000  0000  0000  0000  0000
 770    00000  0000  0000  0000  0000  0000
 771    00000  0000  0000  0000  0000  0000
 772    00000  0000  0000  0000  0000  0000
 773    00000  0000  0000  0000  0000  0000
 774    00000  0000  0000  0000  0000  0000
 775    00000  0000  0000  0000  0000  0000
 776    00000  0000  0000  0000  0000  0000
 777    00000  0000  0000  0000  0000  0000
 778    00000  0000  0000  0000  0000  0000
 779    00000  0000  0000  0000  0000  0000
 780    00000  0000  0000  0000  0000  0000
 781    00000  0000  0000  0000  0000  0000
 782    00000  0000  0000  0000  0000  0000
 783    00000  0000  0000  0000  0000  0000
 784    00000  0000  0000  0000  0000  0000
 785    00000  0000  0000  0000  0000  0000
 786    00000  0000  0000  0000  0000  0000
 787    00000  0000  0000  0000  0000  0000
 788    00000  0000  0000  0000  0000  0000
 789    00000  0000  0000  0000  0000  0000
 790    00000  0000  0000  0000  0000  0000
 791    00000  0000  0000  0000  0000  0000
 792    00000  0000  0000  0000  0000  0000
 793    00000  0000  0000  0000  0000  0000
 794    00000  0000  0000  0000  0000  0000
 795    00000  0000  0000  0000  0000  0000
 796    00000  0000  0000  0000  0000  0000
 797    00000  0000  0000  0000  0000  0000
 798    00000  0000  0000  0000  0000  0000
 799    00000  0000  0000  0000  0000  0000
 800    00000  0000  0000  0000  0000  0000
 801    00000  0000  0000  0000  0000  0000
 802    00000  0000  0000  0000  0000  0000
 803    00000  0000  0000  0000  0000  0000
 804    00000  0000  0000  0000  0000  0000
 805    00000  0000  0000  0000  0000  0000
 806    00000  0000  0000  0000  0000  0000
 807    00000  0000  0000  0000  0000  0000
 808    00000  0000  0000  0000  0000  0000
 809    00000  0000  0000  0000  0000  0000
 810    00000  0000  0000  0000  0000  0000
 811    00000  0000  0000  0000  0000  0000
 812    00000  0000  0000  0000  0000  0000
 813    00000  0000  0000  0000  0000  0000
 814    00000  0000  0000  0000  0000  0000
 815    00000  0000  0000  0000  0000  0000
 816    00000  0000  0000  0000  0000  0000
 817    00000  0000  0000  0000  0000  0000
 818    00000  0000  0000  0000  0000  0000
 819    00000  0000  0000  0000  0000  0000
 820    00000  0000  0000  0000  0000  0000
 821    00000  0000  0000  0000  0000  0000
 822    00000  0000  0000  0000  0000  0000
 823    00000  0000  0000  0000  0000  0000
 824    00000  0000  0000  0000  0000  0000
 825    00000  0000  0000  0000  0000  0000
 826    00000  0000  0000  0000  0000  0000
 827    00000  0000  0000  0000  0000  0000
 828    00000  0000  0000  0000  0000  0000
 829    00000  0000  0000  0000  0000  0000
 830    00000  0000  0000  0000  0000  0000
 831    00000  0000  0000  0000  0000  0000
 832    00000  0000  0000  0000  0000  0000
 833    00000  0000  0000  0000  0000  0000
 834    00000  0000  0000  0000  0000  0000
 835    00000  0000  0000  0000  0000  0000
 836    00000  0000  0000  0000  0000  0000
 837    00000  0000  0000  0000  0000  0000
 838    00000  0000  0000  0000  0000  0000
 839    00000  0000  0000  0000  0000  0000
 840    00000  0000  0000  0000  0000  0000
 841    00000  0000  0000  0000  0000  0000
 842    00000  0000  0000  0000  0000  0000
 843    00000  0000  0000  0000  0000  0000
 844    00000  0000  0000  0000  0000  0000
 845    00000  0000  0000  0000  0000  0000
 846    00000  0000  0000  0000  0000  0000
 847    00000  0000  0000  0000  0000  0000
 848    00000  0000  0000  0000  0000  0000
 849    00000  0000  0000  0000  0000  0000
 850    00000  0000  0000  0000  0000  0000
 851    00000  0000  0000  0000  0000  0000
 852    00000  0000  0000  0000  0000  0000
 853    00000  0000  0000  0000  0000  0000
 854    00000  0000  0000  0000  0000  0000
 855    00000  0000  0000  0000  0000  0000
 856    00000  0000  0000  0000  0000  0000
 857    00000  0000  0000  0000  0000  0000
 858    00000  0000  0000  0000  0000  0000
 859    00000  0000  0000  0000  0000  0000
 860    00000  0000  0000  0000  0000  0000
 861    00000  0000  0000  0000  0000  0000
 862    00000  0000  0000  0000  0000  0000
 863    00000  0000  0000  0000  0000  0000
 864    00000  0000  0000  0000  0000  0000
 865    00000  0000  0000  0000  0000  0000
 866    00000  0000  0000  0000  0000  0000
 867    00000  0000  0000  0000  0000  0000
 868    00000  0000  0000  0000  0000  0000
 869    00000  0000  0000  0000  0000  0000
 870    00000  0000  0000  0000  0000  0000
 871    00000  0000  0000  0000  0000  0000
 872    00000  0000  0000  0000  0000  0000
 873    00000  0000  0000  0000  0000  0000
 874    00000  0000  0000  0000  0000  0000
 875    00000  0000  0000  0000  0000  0000
 876    00000  0000  0000  0000  0000  0000
 877    00000  0000  0000  0000  0000  0000
 878    00000  0000  0000  0000  0000  0000
 879    00000  0000  0000  0000  0000  0000
 880    00000  0000  0000  0000  0000  0000
 881    00000  0000  0000  0000  0000  0000
 882    00000  0000  0000  0000  0000  0000
 883    00000  0000  0000  0000  0000  0000
 884    00000  0000  0000  0000  0000  0000
 885    00000  0000  0000  0000  0000  0000
 886    00000  0000  0000  0000  0000  0000
 887    00000  0000  0000  0000  0000  0000
 888    00000  0000  0000  0000  0000  0000
 889    00000  0000  0000  0000  0000  0000
 890    00000  0000  0000  0000  0000  0000
 891    00000  0000  0000  0000  0000  0000
 892    00000  0000  0000  0000  0000  0000
 893    00000  0000  0000  0000  0000  0000
 894    00000  0000  0000  0000  0000  0000
 895    00000  0000  0000  0000  0000  0000
 896    00000  0000  0000  0000  0000  0000
 897    00000  0000  0000  0000  0000  0000
 898    00000  0000  0000  0000  0000  0000
 899    00000  0000  0000  0000  0000  0000
 900    00000  0000  0000  0000  0000  0000
 901    00000  0000  0000  0000  0000  0000
 902    00000  0000  0000  0000  0000  0000
 903    00000  0000  0000  0000  0000  0000
 904    00000  0000  0000  0000  0000  0000
 905    00000  0000  0000  0000  0000  0000
 906    00000  0000  0000  0000  0000  0000
 907    00000  0000  0000  0000  0000  0000
 908    00000  0000  0000  0000  0000  0000
 909    00000  0000  0000  0000  0000  0000
 910    00000  0000  0000  0000  0000  0000
 911    00000  0000  0000  0000  0000  0000
 912    00000  0000  0000  0000  0000  0000
 913    00000  0000  0000  0000  0000  0000
 914    00000  0000  0000  0000  0000  0000
 915    00000  0000  0000  0000  0000  0000
 916    00000  0000  0000  0000  0000  0000
 917    00000  0000  0000  0000  0000  0000
 918    00000  0000  0000  0000  0000  0000
 919    00000  0000  0000  0000  0000  0000
 920    00000  0000  0000  0000  0000  0000
 921    00000  0000  0000  0000  0000  0000
 922    00000  0000  0000  0000  0000  0000
 923    00000  0000  0000  0000  0000  0000
 924    00000  0000  0000  0000  0000  0000
 925    00000  0000  0000  0000  0000  0000
 926    00000  0000  0000  0000  0000  0000
 927    00000  0000  0000  0000  0000  0000
 928    00000  0000  0000  0000  0000  0000
 929    00000  0000  0000  0000  0000  0000
 930    00000  0000  0000  0000  0000  0000
 931    00000  0000  0000  0000  0000  0000
 932    00000  0000  0000  0000  0000  0000
 933    00000  0000  0000  0000  0000  0000
 934    00000  0000  0000  0000  0000  0000
 935    00000  0000  0000  0000  0000  0000
 936    00000  0000  0000  0000  0000  0000
 937    00000  0000  0000  0000  0000  0000
 938    00000  0000  0000  0000  0000  0000
 939    00000  0000  0000  0000  0000  0000
 940    00000  0000  0000  0000  0000  0000
 941    00000  0000  0000  0000  0000  0000
 942    00000  0000  0000  0000  0000  0000
 943    00000  0000  0000  0000  0000  0000
 944    00000  0000  0000  0000  0000  0000
 945    00000  0000  0000  0000  0000  0000
 946    00000  0000  0000  0000  0000  0000
 947    00000  0000  0000  0000  0000  0000
 948    00000  0000  0000  0000  0000  0000
 949    00000  0000  0000  0000  0000  0000
 950    00000  0000  0000  0000  0000  0000
 951    00000  0000  0000  0000  0000  0000
 952    00000  0000  0000  0000  0000  0000
 953    00000  0000  0000  0000  0000  0000
 954    00000  0000  0000  0000  0000  0000
 955    00000  0000  0000  0000  0000  0000
 956    00000  0000  0000  0000  0000  0000
 957    00000  0000  0000  0000  0000  0000
 958    00000  0000  0000  0000  0000  0000
 959    00000  0000  0000  0000  0000  0000
 960    00000  0000  0000  0000  0000  0000
 961    00000  0000  0000  0000  0000  0000
 962    00000  0000  0000  0000  0000  0000
 963    00000  0000  0000  0000  0000  0000
 964    00000  0000  0000  0000  0000  0000
 965    00000  0000  0000  0000  0000  0000
 966    00000  0000  0000  0000  0000  0000
 967    00000  0000  0000  0000  0000  0000
 968    00000  0000  0000  0000  0000  0000
 969    00000  0000  0000  0000  0000  0000
 970    00000  0000  0000  0000  0000  0000
 971    00000  0000  0000  0000  0000  0000
 972    00000  0000  0000  0000  0000  0000
 973    00000  0000  0000  0000  0000  0000
 974    00000  0000  0000  0000  0000  0000
 975    00000  0000  0000  0000  0000  0000
 976    00000  0000  0000  0000  0000  0000
 977    00000  0000  0000  0000  0000  0000
 978    00000  0000  0000  0000  0000  0000
 979    00000  0000  0000  0000  0000  0000
 980    00000  0000  0000  0000  0000  0000
 981    00000  0000  0000  0000  0000  0000
 982    00000  0000  0000  0000  0000  0000
 983    00000  0000  0000  0000  0000  0000
 984    00000  0000  0000  0000  0000  0000
 985    00000  0000  0000  0000  0000  0000
 986    00000  0000  0000  0000  0000  0000
 987    00000  0000  0000  0000  0000  0000
 988    00000  0000  0000  0000  0000  0000
 989    00000  0000  0000  0000  0000  0000
 990    00000  0000  0000  0000  0000  0000
 991    00000  0000  0000  0000  0000  0000
 992    00000  0000  0000  0000  0000  0000
 993    00000  0000  0000  0000  0000  0000
 994    00000  0000  0000  0000  0000  0000
 995    00000  0000  0000  0000  0000  0000
 996    00000  0000  0000  0000  0000  0000
 997    00000  0000  0000  0000  0000  0000
 998    00000  0000  0000  0000  0000  0000
 999    00000  0000  0000  0000  0000  0000
1000    00000  0000  0000  0000  0000  0000
1001    00000  0000  0000  0000  0000  0000
1002    00000  0000  0000  0000  0000  0000
1003    00000  0000  0000  0000  0000  0000
1004    00000  0000  0000  0000  0000  0000
1005    00000  0000  0000  0000  0000  0000
1006    00000  0000  0000  0000  0000  0000
1007    00000  0000  0000  0000  0000  0000
1008    00000  0000  0000  0000  0000  0000
1009    00000  0000  0000  0000  0000  0000
1010    00000  0000  0000  0000  0000  0000
1011    00000  0000  0000  0000  0000  0000
1012    00000  0000  0000  0000  0000  0000
1013    00000  0000  0000  0000  0000  0000
1014    00000  0000  0000  0000  0000  0000
1015    00000  0000  0000  0000  0000  0000
1016    00000  0000  0000  0000  0000  0000
1017    00000  0000  0000  0000  0000  0000
1018    00000  0000  0000  0000  0000  0000
1019    00000  0000  0000  0000  0000  0000
1020    00000  0000  0000  0000  0000  0000
1021    00000  0000  0000  0000  0000  0000
1022    00000  0000  0000  0000  0000  0000
1023    00000  0000  0000  0000  0000  0000
