   RR1   RR2 SHAMT  WREG    WD    WR   SHE   DIR   RD1   RD2
    0    0    0    0 0000    0    0    0 XXXX XXXX
    0    0    0    1 0089    1    0    0 0000 0000
    0    0    0    2 0072    1    0    0 0000 0000
    0    0    0    3 0123    1    0    0 0000 0000
    0    0    0    4 0054    1    0    0 0000 0000
    1    2    0    0 0000    0    0    0 0089 0072
    3    4    0    0 0000    0    0    0 0123 0054
    0    1    3    2 0000    1    1    1 0000 0089
    0    3    5    4 0000    1    1    0 0000 0123
    1    2    0    0 0000    0    0    0 0089 0000
    3    4    0    0 0000    0    0    0 0123 0448
    0    0    0    0 0000    0    0    0 0000 0000
